ISS (ZARYA)             
1 25544U 98067A   21164.55461346  .00000902  00000+0  24549-4 0  9996
2 25544  51.6443   0.6922 0003517  90.1252   7.2560 15.48979832288036
KESTREL EYE IIM (KE2M)  
1 42982U 98067NE  21164.41324795  .00063518  12884-4  15849-3 0  9994
2 42982  51.6220 213.4412 0004334  15.6753 344.4389 15.96041873208112
DELLINGR (RBLE)         
1 43021U 98067NJ  21161.58356675  .11371101  12760-4  85574-4 0  9994
2 43021  51.6049 216.0033 0005565 279.2361  80.8041 16.52395905203598
TEMPEST-D               
1 43547U 98067NV  21163.56428472  .00485001  12354-3  62567-3 0  9999
2 43547  51.6244 264.3757 0009902 331.7474  28.3000 16.06466773166215
AEROCUBE 12A            
1 43556U 18046C   21164.29159843  .00002687  00000+0  98145-4 0  9990
2 43556  51.6387 169.5309 0007778 145.1783 214.9708 15.31757208162645
AEROCUBE 12B            
1 43557U 18046D   21164.38486051  .00000845  00000+0  39684-4 0  9992
2 43557  51.6386 170.8698 0007970 143.9648 216.1872 15.31157858162585
LEMUR-2-VU              
1 43558U 18046E   21164.39014477  .00004270  00000+0  13946-3 0  9991
2 43558  51.6391 161.3855 0006578 150.6727 209.4625 15.33906145162751
LEMUR-2-ALEXANDER       
1 43559U 18046F   21164.24620555  .00003752  00000+0  12299-3 0  9990
2 43559  51.6389 161.1962 0006536 149.5509 210.5854 15.34154115162520
LEMUR-2-YUASA           
1 43560U 18046G   21164.09774264  .00003138  00000+0  10572-3 0  9992
2 43560  51.6386 163.1795 0006651 162.7429 197.3781 15.33843728162706
LEMUR-2-TOMHENDERSON    
1 43561U 18046H   21163.72207237  .00003598  00000+0  12062-3 0  9999
2 43561  51.6392 165.9033 0006904 157.7643 202.3640 15.33547929162190
1998-067PN              
1 43638U 98067PN  21164.30057986  .00050620  00000+0  22448-3 0  9991
2 43638  51.6296 266.4397 0004379 326.1121  33.9602 15.83852748153408
STARS-ME                
1 43640U 98067PQ  21164.44524688  .00418502  96289-4  47800-3 0  9992
2 43640  51.6180 247.4978 0011088 343.2659  16.7987 16.08362005153672
ISS DEB (SEDA-AP)       
1 43870U 98067PU  21163.68609682  .00006799  00000+0  81078-4 0  9998
2 43870  51.6364 315.1902 0003223 316.8440  43.2301 15.62382013140881
UNITE                   
1 44031U 98067PX  21164.33586449  .00044141  00000+0  25136-3 0  9991
2 44031  51.6391 286.4425 0003069 320.2273  39.8502 15.78487807135020
ISS DEB                 
1 44303U 98067QA  21164.10803060  .00007828  00000+0  10337-3 0  9997
2 44303  51.6398 334.7125 0004613 226.1600 133.9012 15.59414273115933
ISS DEB                 
1 44306U 98067QD  21164.06842940  .00009797  00000+0  12462-3 0  9993
2 44306  51.6381 334.3421 0005794 224.6337 135.4190 15.60067670115946
RAAVANA-1               
1 44329U 98067QE  21163.66430458  .00052129  00000+0  31432-3 0  9995
2 44329  51.6369 309.8006 0004917 275.5791  84.4648 15.77121531113403
UGUISU                  
1 44330U 98067QF  21164.42112394  .00044457  00000+0  27453-3 0  9991
2 44330  51.6322 306.5099 0005072 277.4678  82.5746 15.76649709113496
NEPALISAT-1             
1 44331U 98067QG  21164.42025645  .00047652  00000+0  28789-3 0  9997
2 44331  51.6340 305.7539 0004920 279.6256  80.4189 15.77115568113517
SPOOQY-1                
1 44332U 98067QH  21164.11973102  .00046027  00000+0  29077-3 0  9990
2 44332  51.6337 308.2912 0004434 280.6364  79.4137 15.76119508113416
RED-EYE 1 (PINOT)       
1 44364U 98067QJ  21163.87867805  .00009498  00000+0  12437-3 0  9992
2 44364  51.6398 336.9199 0005935 221.8283 138.2257 15.59335497111476
KRAKSAT                 
1 44427U 98067QM  21164.42034274  .00024816  00000+0  23077-3 0  9993
2 44427  51.6401 320.9767 0003794 216.9696 168.4246 15.67244539110847
VCC A                   
1 44428U 98067QN  21163.65727200  .00051349  00000+0  34450-3 0  9994
2 44428  51.6366 314.3489 0003170 253.4226 106.6426 15.74696376110863
ENTRYSAT                
1 44429U 98067QP  21164.38522290  .00102291  00000+0  41002-3 0  9992
2 44429  51.6278 300.2190 0005317 290.2518  69.7914 15.85681022111111
VCC B                   
1 44431U 98067QR  21164.11926709  .00044702  00000+0  29171-3 0  9994
2 44431  51.6329 311.3321 0003286 257.3257 102.7375 15.75394914110889
ISS DEB                 
1 44789U 98067QU  21162.58449091  .09083592  12427-4  88933-3 0  9994
2 44789  51.6111 314.3411 0012700 300.8738  59.1038 16.37153671 89727
RWASAT-1                
1 44790U 98067QV  21164.36883992  .00012177  00000+0  15478-3 0  9991
2 44790  51.6393 339.9966 0006291 273.0771 157.2984 15.59812296 88812
AQT-D                   
1 44791U 98067QW  21164.19618400  .00012315  00000+0  15550-3 0  9998
2 44791  51.6399 341.3322 0005645 244.9018 115.1389 15.59980339 88787
NARSSCUBE-1             
1 44792U 98067QX  21163.73992612  .00028095  00000+0  26944-3 0  9999
2 44792  51.6370 335.1753 0004023 260.6636  99.3905 15.66400280 88828
STPSAT-4                
1 45043U 98067QY  21164.40127600  .00006643  00000+0  10714-3 0  9994
2 45043  51.6412 353.8694 0004495 257.3272 102.7216 15.54219254 77871
HARP                    
1 45256U 98067QZ  21163.76180741  .00014683  00000+0  19217-3 0  9993
2 45256  51.6428 349.6681 0005768 249.5949 110.4424 15.58842626 74548
1998-067RA              
1 45257U 98067RA  21164.06066650  .00011813  00000+0  16257-3 0  9993
2 45257  51.6396 349.3562 0006328 252.9190 107.1109 15.57717425 74570
PHOENIX                 
1 45258U 98067RB  21163.74415337  .00010113  00000+0  14625-3 0  9997
2 45258  51.6404 352.4785 0005227 230.5181 129.5349 15.56567343 74476
1998-067RC              
1 45259U 98067RC  21163.79827440  .00019628  00000+0  22899-3 0  9997
2 45259  51.6393 346.1005 0005562 249.2730 110.7668 15.61631233 74593
CRYOCUBE                
1 45260U 98067RD  21163.75649115  .00036260  00000+0  38181-3 0  9998
2 45260  51.6381 345.0643 0006024 248.1841 111.8514 15.63897214 74613
AZTECHSAT-1             
1 45261U 98067RE  21163.75449846  .00031701  00000+0  31805-3 0  9999
2 45261  51.6369 342.0282 0005782 250.2867 109.7505 15.65192269 74647
RADSAT-U                
1 45262U 98067RF  21164.33544876  .00011084  00000+0  15082-3 0  9995
2 45262  51.6420 347.4995 0004913 289.7804  70.2658 15.58105516 74630
QARMAN                  
1 45263U 98067RG  21164.10884787  .00018632  00000+0  21866-3 0  9992
2 45263  51.6392 345.1700 0005672 246.8321 113.2075 15.61515668 74660
SORTIE                  
1 45264U 98067RH  21163.96444504  .00007098  00000+0  11128-3 0  9999
2 45264  51.6421 353.9913 0006348 257.3883 102.6398 15.54885524 74504
ICS-EF (ISS DEB)        
1 45265U 98067RJ  21163.77463261  .00003600  00000+0  65356-4 0  9998
2 45265  51.6421 359.4235 0004552 254.7677 105.2810 15.52431562 74099
G-SAT                   
1 45597U 98067RK  21164.24263855  .00012385  00000+0  16915-3 0  9992
2 45597  51.6407 349.8380 0003080 314.6554  45.4187 15.57881329 63950
QUETZAL-1               
1 45598U 98067RL  21163.76293380  .00018116  00000+0  22906-3 0  9990
2 45598  51.6404 351.1316 0000935 338.2034  21.8920 15.59588975 63826
RED-EYE 2 (MERLOT)      
1 45800U 98067RM  21164.04614430  .00005705  00000+0  95846-4 0  9995
2 45800  51.6425 357.5180 0000466 253.1660 106.9279 15.53377161 56004
RED-EYE 3 (CABERNET)    
1 45809U 98067RN  21164.04647285  .00005884  00000+0  98628-4 0  9997
2 45809  51.6425 357.5205 0000779 235.1989 124.8928 15.53377344 54980
DEMI                    
1 45916U 98067RP  21163.76868634  .00017085  00000+0  22557-3 0  9990
2 45916  51.6411 353.4337 0002607 188.2144 171.8807 15.58485507 52003
SPOC                    
1 46921U 98067RR  21163.76536088  .00009583  00000+0  15083-3 0  9992
2 46921  51.6426 359.4114 0002292  76.9453 283.1794 15.54309153 34135
BOBCAT-1                
1 46922U 98067RS  21163.78489662  .00013740  00000+0  20067-3 0  9998
2 46922  51.6433 358.0605 0001976  90.0830 270.0387 15.55954044 34115
NEUTRON-1               
1 46923U 98067RT  21164.23061899  .00008803  00000+0  13974-3 0  9991
2 46923  51.6428 357.2664 0002335  91.2097 268.9162 15.54193510 34225
1998-067RU              
1 46924U 98067RU  21163.83098277  .00027051  00000+0  33841-3 0  9998
2 46924  51.6408 355.3395 0002319 139.1696 220.9471 15.59599459 34197
LEMUR-2-BAXTER-OLIVER   
1 46925U 98067RV  21163.78096094  .00030753  00000+0  37270-3 0  9991
2 46925  51.6427 355.0396 0002413 143.0760 217.0400 15.60363467 34153
LEMUR-2-DJARA           
1 46926U 98067RW  21163.76457212  .00027140  00000+0  34073-3 0  9997
2 46926  51.6430 355.6795 0001613 127.6977 232.4162 15.59505262 34162
DESCENT                 
1 46927U 98067RX  21164.10699459  .00008604  00000+0  13687-3 0  9990
2 46927  51.6426 357.9377 0002631 108.3411 251.7866 15.54168999 34116
PROGRESS-MS 16          
1 47618U 21011A   21163.38670002  .00000787  00000+0  22470-4 0  9990
2 47618  51.6451   6.4702 0003470  86.5323 333.8876 15.48976006287854
CYGNUS NG-15            
1 47689U 21013A   21163.38670002  .00000787  00000+0  22470-4 0  9990
2 47689  51.6451   6.4702 0003470  86.5323 333.8876 15.48976006287852
ISS DEB                 
1 47853U 98067RZ  21163.80575659  .00001562  00000+0  35934-4 0  9996
2 47853  51.6444   4.1585 0003333  79.4964 280.6400 15.49494984 14548
RSP-01                  
1 47925U 98067SB  21163.73079096  .00009179  00000+0  16002-3 0  9998
2 47925  51.6432   3.6637 0001949  41.0281 319.0855 15.51495985 14046
TAUSAT-1                
1 47926U 98067SC  21163.96356619  .00012747  00000+0  21441-3 0  9991
2 47926  51.6429   2.2181 0002920  34.8408 325.2772 15.52109666 14072
TSURU                   
1 47927U 98067SD  21163.79916129  .00008896  00000+0  15615-3 0  9997
2 47927  51.6434   3.3699 0002011  37.5700 322.5430 15.51345800 14051
STARS-EC                
1 47928U 98067SE  21163.79962280  .00013387  00000+0  22925-3 0  9990
2 47928  51.6430   3.3678 0006054  98.4334 261.7342 15.51543536 14035
MMSATS-1                
1 47976U 98067SJ  21164.12077130  .00003816  00000+0  75280-4 0  9991
2 47976  51.6471   2.4954 0003358  78.8198 281.3169 15.49815743 12878
SOYUZ-MS 18             
1 48159U 21029A   21163.38670002  .00000787  00000+0  22470-4 0  9990
2 48159  51.6451   6.4702 0003470  86.5323 333.8876 15.48976006287855
CREW DRAGON 2           
1 48209U 21030A   21163.38670002  .00000787  00000+0  22470-4 0  9998
2 48209  51.6451   6.4702 0003470  86.5323 333.8876 15.48976006287851
TIANHE                  
1 48274U 21035A   21164.53949074  .00003968  00000+0  47292-4 0  9994
2 48274  41.4698 305.3692 0008928 278.0308 168.9530 15.62371723  7121
TIANZHOU-2              
1 48803U 21046A   21163.45570567  .00003751  00000+0  44938-4 0  9995
2 48803  41.4701 311.9804 0008876 271.7514 191.4887 15.62361416  6957
DRAGON CRS-22           
1 48831U 21048A   21163.38670002  .00000787  00000+0  22470-4 0  9998
2 48831  51.6451   6.4702 0003470  86.5323 333.8876 15.48976006287852